968.0 0.1 -0.1
M4130 9667 c-144 -39 -169 -76 -177 -259 -2 -55 -9 -98 -14 -98 -7 0
-9 -135 -8 -380 1 -209 -1 -384 -5 -388 -4 -3 -19 0 -34 9 -15 8 -36 20 -47
26 -11 5 -36 18 -55 28 -19 10 -48 25 -65 33 -16 9 -32 19 -35 22 -3 4 -16 11
-30 15 -14 4 -27 11 -30 15 -3 4 -41 26 -85 49 -44 24 -85 47 -92 53 -6 5 -40
24 -75 42 -35 18 -104 56 -155 83 -51 28 -95 48 -98 45 -3 -3 -5 -1 -5 5 0 17
-56 36 -82 28 -13 -4 -32 -17 -44 -29 -11 -12 -45 -42 -75 -67 -88 -76 -105
-96 -145 -172 -33 -60 -41 -89 -52 -177 -7 -58 -13 -120 -13 -138 0 -34 20
-62 44 -62 8 0 22 -9 32 -20 10 -11 25 -20 33 -20 7 0 28 -10 45 -22 49 -35
99 -58 111 -51 6 3 8 3 4 -2 -8 -8 33 -45 50 -45 6 0 17 -6 24 -13 18 -18 86
-59 131 -79 22 -10 52 -29 69 -43 16 -14 38 -25 48 -25 9 0 24 -7 31 -16 8 -9
32 -25 54 -35 49 -23 108 -59 134 -80 10 -10 29 -20 42 -24 13 -5 40 -18 59
-30 19 -11 59 -33 88 -48 77 -40 172 -126 172 -157 0 -5 3 -10 8 -10 14 0 33
-56 42 -125 16 -127 22 -275 10 -275 -7 0 -10 -239 -10 -762 0 -672 -2 -773
-17 -848 -9 -47 -21 -88 -27 -92 -16 -11 -44 0 -101 36 -44 29 -97 59 -200
115 -16 9 -32 19 -35 22 -9 10 -73 39 -87 39 -7 0 -13 4 -13 9 0 5 -31 27 -70
47 -38 21 -70 42 -70 46 0 4 -6 8 -14 8 -17 0 -80 32 -84 43 -2 4 -9 7 -17 7
-7 0 -19 7 -26 16 -8 9 -32 25 -54 36 -51 24 -118 61 -125 69 -3 4 -24 16 -48
28 -24 12 -52 31 -62 41 -11 11 -27 21 -35 22 -8 0 -21 1 -27 2 -7 1 -20 9
-28 18 -8 9 -31 25 -50 36 -93 51 -116 65 -135 81 -11 10 -36 24 -55 32 -19 7
-50 24 -69 36 -19 13 -38 23 -43 23 -5 0 -24 11 -42 25 -28 21 -82 52 -198
112 -16 8 -28 18 -28 21 0 4 -18 16 -40 26 -22 11 -40 25 -40 32 0 7 -10 22
-22 33 -19 19 -22 35 -30 218 -5 109 -6 365 -2 570 5 326 4 385 -11 480 -10
59 -21 112 -26 118 -5 5 -9 19 -9 31 0 26 -45 51 -155 83 -105 31 -192 37
-256 18 -30 -9 -71 -19 -91 -22 -21 -3 -38 -9 -38 -13 0 -8 -43 -28 -83 -38
-16 -3 -31 -13 -34 -20 -3 -8 -14 -14 -24 -14 -18 0 -19 -16 -19 -490 0 -537
3 -516 -58 -465 -17 14 -34 25 -39 25 -5 0 -20 8 -33 17 -14 10 -29 18 -35 19
-5 1 -44 23 -86 48 -42 25 -81 46 -88 46 -6 0 -11 4 -11 9 0 5 -13 14 -30 19
-16 6 -45 22 -62 36 -18 13 -58 36 -88 50 -83 40 -110 56 -110 67 0 5 -11 9
-24 9 -14 0 -31 6 -38 13 -7 7 -29 19 -48 27 -19 7 -42 19 -51 27 -19 16 -133
28 -181 19 -43 -8 -124 -84 -160 -151 -47 -85 -87 -172 -99 -217 -6 -24 -17
-61 -24 -83 -7 -22 -16 -56 -19 -76 -6 -34 -4 -38 28 -53 19 -9 48 -27 64 -41
15 -13 40 -27 54 -30 14 -4 40 -20 57 -36 18 -16 47 -36 64 -44 18 -9 41 -21
52 -28 84 -51 104 -64 135 -87 19 -15 49 -31 65 -37 27 -9 92 -48 121 -72 6
-5 31 -19 55 -32 24 -12 51 -29 59 -38 8 -9 21 -17 29 -19 7 -1 20 -9 28 -17
8 -8 18 -15 22 -15 18 0 60 -42 55 -54 -3 -7 -23 -21 -45 -31 -21 -10 -39 -22
-39 -26 0 -4 -10 -11 -22 -15 -13 -3 -31 -13 -40 -22 -10 -8 -18 -12 -18 -8 0
4 -20 -7 -44 -24 -25 -16 -47 -30 -49 -30 -3 0 -35 -18 -71 -40 -36 -22 -70
-40 -76 -40 -5 0 -29 -15 -53 -32 -23 -18 -61 -42 -85 -53 -23 -11 -42 -23
-42 -27 0 -5 -5 -8 -10 -8 -9 0 -65 -37 -141 -93 -14 -10 -43 -41 -64 -68 -36
-47 -37 -52 -32 -106 7 -70 85 -230 133 -276 19 -17 34 -36 34 -42 0 -6 12
-22 28 -37 15 -15 38 -40 52 -57 14 -17 40 -46 59 -65 l34 -34 66 35 c36 20
82 45 102 57 88 51 153 86 161 86 4 0 8 5 8 10 0 6 4 10 10 10 5 0 32 14 58
30 27 16 55 30 62 30 7 0 29 13 49 29 20 16 64 42 98 59 34 16 75 39 91 51 17
11 34 21 39 21 5 0 32 16 59 35 27 19 54 35 61 35 6 0 18 6 25 13 20 19 75 47
80 42 3 -3 13 4 23 15 10 11 26 20 37 20 10 0 18 4 18 9 0 6 11 16 24 23 112
61 191 98 208 98 19 0 79 -27 88 -40 3 -4 21 -15 40 -25 19 -10 37 -21 40 -24
3 -4 36 -25 74 -47 38 -21 81 -46 95 -55 15 -9 38 -20 52 -24 13 -4 41 -21 63
-38 21 -17 64 -43 95 -58 31 -16 74 -39 96 -52 22 -13 61 -35 86 -49 80 -45
93 -53 106 -65 7 -6 39 -24 70 -39 32 -16 60 -31 63 -34 3 -3 22 -14 43 -25
20 -11 37 -23 37 -27 0 -5 8 -8 19 -8 10 0 24 -7 32 -16 7 -9 30 -23 51 -31
21 -8 38 -19 38 -23 0 -8 80 -44 97 -43 7 0 11 -3 10 -8 -1 -5 9 -16 23 -24
14 -7 78 -43 143 -79 65 -36 125 -72 133 -81 9 -8 20 -15 25 -15 5 0 42 -20
82 -44 40 -25 90 -52 110 -62 20 -10 37 -24 37 -32 0 -23 -97 -91 -192 -135
-21 -10 -38 -22 -38 -26 0 -4 -18 -14 -40 -21 -23 -8 -44 -19 -48 -25 -4 -7
-23 -20 -42 -30 -19 -10 -68 -37 -107 -61 -40 -24 -77 -44 -82 -44 -5 0 -22
-11 -38 -23 -26 -22 -62 -43 -228 -133 -33 -18 -59 -37 -57 -44 1 -6 -1 -9 -6
-6 -9 5 -92 -31 -102 -45 -3 -3 -21 -14 -40 -24 -18 -10 -40 -24 -48 -31 -7
-8 -20 -14 -28 -14 -8 0 -39 -15 -67 -34 -29 -18 -80 -48 -112 -66 -33 -18
-62 -36 -65 -39 -5 -6 -15 -12 -99 -59 -25 -14 -64 -36 -86 -49 -22 -13 -66
-37 -97 -52 -32 -16 -73 -40 -92 -55 -19 -14 -47 -31 -63 -38 -15 -7 -31 -17
-35 -22 -14 -20 -75 -7 -138 30 -36 20 -85 48 -110 61 -24 14 -56 32 -70 42
-14 9 -43 26 -65 36 -22 11 -41 23 -43 28 -2 4 -9 7 -15 7 -7 0 -25 11 -41 25
-16 14 -35 25 -41 25 -7 0 -24 9 -38 20 -14 11 -29 20 -35 20 -5 0 -43 20 -84
45 -42 25 -80 45 -87 45 -6 0 -11 4 -11 9 0 5 -15 14 -32 22 -18 7 -35 16 -38
20 -3 4 -43 27 -89 51 -124 64 -131 68 -131 79 0 5 -6 9 -14 9 -8 0 -41 14
-73 30 -31 16 -67 30 -80 30 -12 0 -32 4 -46 9 -34 13 -106 -8 -142 -41 -16
-16 -33 -28 -37 -28 -3 0 -18 -21 -34 -47 -15 -27 -33 -51 -39 -55 -7 -4 -16
-19 -19 -33 -4 -14 -11 -25 -16 -25 -6 0 -10 -6 -10 -14 0 -8 -6 -27 -14 -43
-42 -81 -56 -126 -56 -179 0 -83 22 -116 135 -202 28 -20 61 -43 75 -50 28
-13 36 -18 139 -86 41 -27 93 -57 115 -68 48 -23 86 -44 143 -81 24 -15 47
-27 51 -27 5 0 22 -10 38 -22 15 -13 50 -33 76 -45 75 -35 66 -57 -47 -117
-38 -20 -72 -40 -75 -44 -13 -18 -220 -142 -237 -142 -6 0 -16 -7 -23 -15 -13
-16 -158 -105 -171 -105 -4 0 -12 -6 -16 -13 -8 -12 -17 -17 -102 -64 -25 -14
-60 -36 -78 -49 -17 -13 -44 -29 -58 -34 -19 -7 -25 -15 -21 -26 3 -9 8 -26
11 -37 29 -144 58 -245 87 -303 35 -73 236 -244 286 -244 10 0 128 62 192 101
8 5 43 23 78 41 34 17 62 34 62 39 0 4 17 14 37 23 21 10 49 23 63 31 14 8 33
15 43 15 9 0 17 4 17 9 0 10 17 20 90 58 19 10 37 20 40 23 3 3 34 20 70 39
36 19 67 37 70 40 3 3 22 14 42 25 34 17 39 17 61 3 l24 -15 7 -329 c8 -372
21 -517 54 -580 12 -23 22 -49 22 -57 0 -8 13 -17 30 -21 17 -4 30 -10 30 -15
0 -19 133 -33 247 -26 118 8 289 44 330 71 l23 15 0 719 0 718 28 14 c15 8 29
16 32 20 3 3 21 13 41 22 20 9 42 23 49 32 7 8 18 15 25 15 16 0 73 29 80 41
4 5 31 21 62 36 30 15 58 33 60 40 3 7 13 13 22 13 9 0 32 11 50 24 19 14 47
28 63 31 16 4 32 13 35 21 3 8 9 14 14 14 5 0 32 16 59 35 27 19 56 35 64 35
8 0 28 11 44 25 17 14 35 25 42 25 7 0 39 18 72 40 33 22 64 40 69 40 11 0 87
48 107 67 7 7 21 13 31 13 10 0 25 8 34 18 9 10 38 29 64 42 27 13 74 41 106
62 32 21 63 38 68 38 6 0 42 20 79 45 38 24 90 54 115 65 25 11 45 25 45 30 0
6 6 10 13 10 7 0 62 29 122 65 59 36 112 65 117 65 6 0 21 9 35 20 32 25 53
26 53 3 4 -139 -2 -2001 -6 -2035 -5 -34 -16 -57 -40 -84 -19 -20 -34 -40 -34
-43 0 -11 -55 -61 -67 -61 -6 0 -13 -4 -15 -8 -4 -11 -94 -72 -106 -72 -5 0
-15 -7 -22 -15 -15 -18 -98 -65 -115 -65 -6 0 -20 -9 -30 -20 -10 -11 -41 -31
-69 -45 -99 -50 -126 -65 -126 -73 0 -5 -19 -14 -42 -21 -24 -7 -50 -19 -58
-26 -36 -30 -121 -85 -132 -85 -6 0 -29 -11 -50 -25 -40 -27 -94 -60 -143 -90
-16 -10 -34 -24 -38 -32 -4 -7 -13 -13 -19 -13 -6 0 -27 -14 -47 -32 -32 -29
-47 -47 -67 -86 -6 -11 14 -70 58 -169 10 -23 18 -48 18 -56 0 -8 7 -20 15
-27 8 -7 15 -20 15 -30 0 -10 7 -23 15 -30 8 -6 13 -15 12 -18 -3 -14 77 -127
118 -168 48 -46 85 -60 124 -46 14 5 46 16 71 23 25 7 61 26 81 42 20 16 43
29 50 30 8 2 25 10 39 20 13 9 30 17 37 17 7 0 13 4 13 9 0 5 8 11 18 15 9 3
35 17 57 30 22 14 46 25 53 26 7 0 33 14 57 30 24 17 63 39 87 50 24 11 75 40
113 65 39 24 75 45 82 45 7 0 29 11 49 25 20 14 43 25 50 25 12 0 14 -81 16
-472 1 -533 3 -587 15 -598 12 -11 115 -45 201 -65 80 -19 264 -17 334 4 33
10 76 44 103 82 6 8 16 22 24 32 29 36 41 212 41 610 0 434 -5 407 74 364 22
-12 47 -28 54 -34 7 -7 20 -13 29 -13 15 0 73 -29 83 -41 8 -10 92 -49 106
-49 6 0 17 -7 24 -15 7 -9 34 -25 59 -37 25 -11 65 -35 89 -54 24 -18 56 -36
73 -39 16 -4 29 -10 29 -14 0 -4 17 -13 38 -21 20 -7 42 -18 47 -25 13 -16 79
-34 153 -41 73 -8 120 8 194 66 45 36 99 98 108 125 2 6 11 28 21 50 24 56 32
143 19 201 -15 65 -52 143 -67 144 -7 0 -13 4 -13 8 0 29 -131 136 -207 171
-29 14 -53 27 -53 31 0 4 -19 15 -42 25 -24 10 -62 34 -85 52 -23 18 -45 33
-50 33 -5 0 -20 8 -33 17 -14 10 -29 18 -35 19 -5 1 -44 23 -86 48 -42 25 -81
46 -88 46 -6 0 -11 4 -11 9 0 5 -15 14 -32 22 -18 7 -37 19 -41 26 -4 7 -13
13 -20 13 -7 0 -23 9 -37 20 -14 11 -31 20 -38 20 -7 0 -31 14 -54 30 -22 17
-47 30 -55 30 -7 0 -13 5 -13 10 0 6 -9 10 -20 10 -10 0 -23 6 -27 14 -4 8
-25 21 -46 30 l-38 15 3 1073 c2 590 7 1079 11 1085 6 10 21 6 60 -13 29 -15
54 -30 55 -35 2 -5 8 -9 13 -9 6 0 36 -17 67 -37 31 -20 79 -48 107 -61 27
-13 52 -27 55 -31 3 -5 30 -20 60 -34 30 -15 67 -38 82 -52 15 -14 36 -25 47
-25 11 0 22 -4 25 -9 3 -5 27 -19 53 -31 27 -12 50 -26 53 -30 10 -14 90 -60
105 -60 8 0 15 -4 15 -9 0 -5 14 -14 31 -20 18 -6 37 -17 43 -25 6 -7 40 -29
76 -47 71 -36 123 -70 128 -81 2 -5 10 -8 18 -8 8 0 48 -20 88 -45 41 -25 79
-45 84 -45 5 0 29 -15 53 -33 24 -17 50 -33 58 -35 7 -2 32 -16 55 -31 22 -16
44 -28 47 -27 10 2 79 -38 79 -46 0 -5 6 -8 13 -8 6 0 25 -11 41 -25 16 -14
34 -25 40 -25 7 0 23 -8 36 -17 14 -10 29 -18 35 -19 5 -1 40 -21 77 -44 l67
-42 3 -666 3 -667 43 -72 c30 -50 51 -73 69 -78 14 -3 32 -12 40 -20 15 -16
76 -35 110 -35 12 0 25 -4 28 -10 8 -13 112 -13 120 0 3 5 22 10 41 10 19 0
34 5 34 10 0 6 6 10 13 10 8 0 22 9 32 20 10 11 22 20 27 20 11 0 88 77 88 89
0 4 9 19 20 33 51 65 56 113 63 614 4 210 5 223 26 253 28 38 38 39 81 1 19
-16 42 -29 51 -30 8 0 30 -11 49 -25 19 -14 40 -25 47 -25 7 0 40 -19 73 -42
75 -53 77 -54 120 -73 19 -9 53 -27 75 -40 22 -14 47 -27 55 -31 30 -12 95
-47 110 -59 34 -28 236 -135 255 -135 17 0 195 165 195 181 0 4 13 22 28 39
49 53 105 178 110 243 3 36 0 63 -7 70 -6 6 -11 18 -11 27 0 9 -13 31 -30 50
-16 19 -29 41 -30 48 0 6 -5 12 -11 12 -11 0 -55 32 -90 65 -9 8 -21 15 -27
15 -5 0 -12 4 -14 8 -4 11 -53 44 -113 78 -143 80 -192 106 -207 111 -10 3
-18 9 -18 14 0 5 -4 9 -9 9 -11 0 -118 64 -141 85 -9 8 -20 15 -23 15 -4 0
-15 8 -26 18 -10 9 -33 30 -50 46 -18 16 -31 36 -29 44 2 9 26 28 53 42 28 14
61 34 73 46 12 11 35 27 50 35 40 20 116 72 120 81 2 4 10 8 17 8 8 0 21 7 29
16 9 8 16 13 16 9 0 -3 20 8 44 25 25 16 49 30 55 30 6 0 11 4 11 10 0 5 15
17 33 25 52 26 90 48 128 78 20 15 41 27 46 27 6 0 16 7 24 16 7 8 29 24 48
35 73 38 74 40 60 111 -6 34 -21 86 -31 113 -31 79 -101 218 -120 239 -10 11
-18 23 -18 26 0 14 -57 68 -90 86 -43 22 -181 27 -188 6 -2 -6 -21 -15 -43
-18 -21 -4 -39 -10 -39 -14 0 -5 -13 -11 -30 -15 -16 -4 -34 -14 -40 -23 -5
-9 -10 -14 -10 -10 0 4 -21 -6 -47 -22 -26 -17 -50 -30 -55 -30 -4 0 -35 -18
-69 -40 -34 -22 -67 -40 -74 -40 -6 0 -22 -11 -35 -25 -13 -14 -30 -23 -37
-21 -7 3 -15 1 -18 -4 -3 -5 -36 -26 -73 -47 -37 -20 -69 -40 -72 -44 -3 -3
-16 -10 -30 -14 -21 -6 -94 -49 -110 -65 -10 -10 -72 -40 -83 -40 -7 -1 -28
-14 -47 -30 -19 -17 -40 -30 -47 -30 -11 0 -72 -36 -100 -59 -6 -6 -23 -13
-37 -17 -14 -3 -26 -10 -26 -15 0 -4 -16 -11 -35 -15 -26 -5 -41 -2 -54 10
-10 9 -21 16 -26 16 -7 0 -89 48 -150 88 -11 7 -39 22 -62 33 -24 11 -43 24
-43 29 0 6 -6 10 -12 10 -7 0 -40 17 -73 38 -33 21 -67 41 -75 46 -8 4 -36 19
-61 34 -26 15 -75 43 -109 62 -34 19 -83 47 -109 62 -25 15 -62 35 -81 44 -19
9 -54 29 -78 45 -24 16 -45 29 -48 29 -2 0 -13 9 -24 20 -11 11 -29 20 -39 20
-11 0 -26 6 -33 13 -7 8 -40 29 -73 47 -33 18 -67 38 -75 44 -8 7 -27 18 -42
26 -16 7 -28 17 -28 21 0 5 -15 11 -33 14 -19 4 -45 17 -59 30 -13 12 -35 26
-49 30 -30 10 -87 46 -116 74 -12 12 -30 21 -39 21 -9 0 -28 8 -42 18 -15 10
-42 24 -59 31 -18 8 -33 17 -33 21 0 4 -26 21 -57 39 -102 55 -112 70 -65 94
87 45 118 63 131 75 8 8 37 24 65 38 28 13 71 37 96 53 25 16 51 30 58 30 6 1
12 6 12 11 0 6 4 10 10 10 5 0 32 13 58 30 27 16 54 30 60 30 6 0 44 23 85 50
41 27 80 50 87 50 6 0 30 13 53 28 52 35 73 47 117 70 46 24 84 46 90 52 3 3
21 14 40 24 19 11 51 29 70 41 19 12 40 23 45 25 6 1 29 15 52 31 23 16 44 29
46 29 3 0 65 37 139 82 73 45 154 92 181 106 26 13 47 28 47 32 0 5 10 12 23
16 12 3 29 12 37 19 37 32 154 60 253 60 61 0 100 -4 105 -11 4 -6 24 -14 45
-18 20 -4 37 -10 37 -15 0 -4 17 -13 38 -19 20 -7 61 -30 89 -52 29 -22 75
-51 102 -65 27 -13 52 -29 55 -34 3 -4 32 -21 63 -36 32 -16 70 -36 84 -46 14
-10 29 -16 33 -12 3 3 6 1 6 -5 0 -7 5 -12 11 -12 5 0 31 -16 56 -35 25 -19
53 -35 62 -35 10 0 32 -11 51 -25 19 -14 42 -25 52 -25 10 0 18 -4 18 -10 0
-5 26 -23 58 -39 32 -16 64 -36 71 -45 8 -9 21 -16 30 -17 9 0 30 -9 46 -19
37 -24 123 -70 129 -70 3 0 16 11 30 25 14 14 30 25 35 25 6 0 14 6 18 14 4 7
17 18 29 24 11 6 34 30 50 54 16 23 43 57 59 75 17 18 37 50 44 70 8 21 17 40
20 43 12 10 50 136 62 203 l11 69 -33 28 c-19 16 -37 29 -42 30 -4 0 -45 25
-91 55 -46 30 -88 55 -94 55 -6 0 -12 4 -14 9 -3 8 -120 82 -173 109 -16 9
-33 19 -36 24 -3 5 -17 15 -30 22 -48 26 -95 54 -149 90 -30 20 -78 48 -107
62 -88 44 -82 72 25 120 28 13 52 28 52 34 0 6 21 20 47 31 26 11 50 24 53 28
5 8 52 34 119 66 18 9 42 25 54 35 11 11 36 28 56 37 31 16 137 77 181 104 68
42 99 66 94 71 -3 4 7 13 23 21 34 18 73 62 73 81 0 8 4 17 9 20 19 12 23 100
7 131 -9 17 -16 37 -16 45 0 8 -7 24 -15 34 -8 11 -15 28 -15 38 0 10 -7 21
-15 24 -8 4 -15 11 -15 18 0 19 -82 139 -126 184 -41 42 -46 44 -116 49 -60 5
-82 2 -118 -14 -25 -11 -61 -26 -80 -33 -19 -8 -41 -20 -48 -27 -7 -7 -22 -13
-32 -13 -11 0 -24 -8 -29 -17 -6 -10 -11 -14 -11 -10 0 5 -12 0 -27 -11 -28
-19 -113 -67 -191 -108 -24 -12 -54 -32 -67 -44 -12 -11 -26 -20 -31 -18 -5 1
-20 -5 -34 -14 -68 -44 -162 -97 -182 -104 -13 -4 -25 -10 -28 -13 -15 -20
-69 -50 -75 -41 -3 5 -6 232 -5 504 l0 494 -40 18 c-22 10 -40 21 -40 26 0 4
-8 8 -19 8 -10 0 -47 11 -83 24 -83 30 -176 39 -253 26 -33 -6 -75 -13 -92
-17 -18 -3 -33 -9 -33 -13 0 -4 -16 -11 -36 -15 -20 -3 -43 -13 -51 -21 -8 -8
-23 -14 -33 -14 -11 0 -28 -10 -40 -22 -20 -21 -20 -31 -20 -723 0 -692 0
-702 -20 -723 -12 -12 -24 -22 -28 -22 -4 0 -19 -11 -34 -25 -15 -14 -35 -26
-45 -28 -19 -3 -64 -26 -73 -36 -3 -3 -21 -14 -40 -23 -19 -10 -42 -22 -50
-28 -48 -30 -157 -92 -165 -94 -6 -1 -21 -9 -35 -19 -13 -9 -30 -17 -36 -17
-6 0 -23 -11 -39 -25 -15 -14 -45 -34 -66 -43 -21 -9 -39 -20 -39 -24 0 -5 -7
-8 -15 -8 -9 0 -39 -16 -68 -35 -28 -19 -56 -35 -60 -35 -5 0 -23 -10 -40 -22
-32 -24 -90 -56 -187 -105 -30 -15 -58 -32 -61 -36 -7 -10 -19 -17 -121 -71
-40 -21 -77 -43 -83 -50 -5 -7 -28 -21 -50 -32 -78 -40 -140 -76 -145 -84 -3
-4 -26 -18 -53 -30 -26 -12 -50 -26 -53 -31 -3 -5 -16 -9 -30 -9 -13 0 -24 -3
-24 -7 0 -8 -69 -58 -79 -58 -4 0 -29 -15 -57 -32 -61 -40 -72 -41 -80 -7 -10
41 4 2014 15 2050 11 40 81 134 98 134 8 0 16 7 19 15 3 8 27 26 52 41 26 15
53 33 59 40 7 7 42 26 78 44 36 17 68 37 72 43 10 15 34 30 93 59 25 12 51 29
59 36 8 8 35 23 60 34 25 11 53 25 61 32 8 7 35 24 60 37 25 13 47 26 50 30
10 11 120 69 132 69 6 0 20 7 30 17 19 17 43 32 88 55 14 7 31 18 38 25 7 7
17 13 21 13 14 0 84 60 97 83 30 50 44 88 45 119 2 46 -29 147 -58 185 -12 17
-23 39 -23 47 0 9 -3 16 -7 16 -5 0 -19 17 -33 37 -14 21 -40 50 -57 66 -18
16 -33 35 -33 43 0 8 -5 14 -12 14 -14 0 -68 50 -68 63 0 28 -80 51 -95 27 -3
-5 -14 -10 -24 -10 -9 0 -42 -19 -72 -41 -30 -23 -74 -50 -99 -62 -25 -11 -56
-28 -69 -38 -13 -11 -30 -19 -38 -19 -8 0 -28 -11 -45 -25 -16 -14 -36 -25
-44 -25 -8 0 -14 -4 -14 -9 0 -5 -12 -12 -27 -16 -15 -3 -30 -10 -33 -13 -8
-11 -43 -31 -72 -43 -16 -6 -28 -15 -28 -20 0 -5 -9 -9 -20 -9 -10 0 -24 -8
-29 -17 -6 -10 -11 -14 -11 -10 0 4 -17 -4 -37 -18 -21 -14 -43 -25 -50 -25
-6 0 -18 -6 -25 -12 -21 -21 -75 -48 -92 -48 -19 0 -17 -27 -16 396 1 165 -4
369 -10 453 -11 148 -13 154 -43 196 -49 67 -113 86 -297 91 -92 2 -161 -2
-190 -9z